# Inferred best-fit star formation history
#
# Col 1: Age in Myr
# Col 2: Probability density function (PDF) of stellar ages (dp/dt)
# Col 3: Age PDF multiplied by number of stars (dN/dt)
0.00	0.0308045	11.9309806
0.02	0.0315638	12.2250673
0.04	0.0324358	12.5628042
0.06	0.0330691	12.8080894
0.08	0.0337450	13.0698742
0.10	0.0343804	13.3159729
0.12	0.0349861	13.5505683
0.14	0.0355336	13.7626221
0.16	0.0361201	13.9897811
0.18	0.0366430	14.1923071
0.20	0.0371794	14.4000617
0.22	0.0377053	14.6037496
0.24	0.0382259	14.8053847
0.26	0.0387442	15.0061289
0.28	0.0392551	15.2040071
0.30	0.0397702	15.4035120
0.32	0.0402726	15.5980980
0.34	0.0407874	15.7974867
0.36	0.0413036	15.9974176
0.38	0.0418199	16.1973873
0.40	0.0423506	16.4029342
0.42	0.0428934	16.6131677
0.44	0.0434636	16.8340135
0.46	0.0440561	17.0634964
0.48	0.0446883	17.3083556
0.50	0.0453728	17.5734713
0.52	0.0461224	17.8638011
0.54	0.0469475	18.1833730
0.56	0.0478754	18.5427606
0.58	0.0489238	18.9488195
0.60	0.0501227	19.4131689
0.62	0.0514972	19.9455305
0.64	0.0530490	20.5465627
0.66	0.0547442	21.2031355
0.68	0.0565273	21.8937532
0.70	0.0582654	22.5669418
0.72	0.0598362	23.1753329
0.74	0.0611039	23.6663295
0.76	0.0619836	24.0070486
0.78	0.0625164	24.2134090
0.80	0.0627775	24.3145364
0.82	0.0629072	24.3647708
0.84	0.0630179	24.4076464
0.86	0.0632317	24.4904539
0.88	0.0636546	24.6542485
0.90	0.0643620	24.9282337
0.92	0.0653903	25.3265075
0.94	0.0667615	25.8575910
0.96	0.0683408	26.4692743
0.98	0.0701395	27.1659340
1.00	0.0721038	27.9267328
1.02	0.0741988	28.7381533
1.04	0.0763331	29.5647953
1.06	0.0784807	30.3965885
1.08	0.0806157	31.2235016
1.10	0.0826476	32.0104827
1.12	0.0845167	32.7344092
1.14	0.0861745	33.3764966
1.16	0.0875618	33.9138158
1.18	0.0886274	34.3265364
1.20	0.0893299	34.5986237
1.22	0.0896364	34.7173351
1.24	0.0895566	34.6864276
1.26	0.0890319	34.4832045
1.28	0.0881022	34.1231197
1.30	0.0867754	33.6092329
1.32	0.0852253	33.0088592
1.34	0.0836454	32.3969435
1.36	0.0822460	31.8549378
1.38	0.0811536	31.4318372
1.40	0.0804395	31.1552570
1.42	0.0801219	31.0322464
1.44	0.0801807	31.0550204
1.46	0.0805585	31.2013473
1.48	0.0812226	31.4585618
1.50	0.0821385	31.8133017
1.52	0.0832826	32.2564264
1.54	0.0846021	32.7674858
1.56	0.0860898	33.3436912
1.58	0.0876982	33.9666453
1.60	0.0893744	34.6158592
1.62	0.0909838	35.2392006
1.64	0.0926168	35.8716826
1.66	0.0943366	36.5377833
1.68	0.0960879	37.2160844
1.70	0.0977857	37.8736643
1.72	0.0993121	38.4648587
1.74	0.1007071	39.0051602
1.76	0.1019135	39.4724145
1.78	0.1029743	39.8832760
1.80	0.1038355	40.2168299
1.82	0.1046221	40.5214903
1.84	0.1053560	40.8057392
1.86	0.1062432	41.1493632
1.88	0.1068628	41.3893423
1.90	0.1071061	41.4835755
1.92	0.1073366	41.5728512
1.94	0.1075525	41.6564720
1.96	0.1077316	41.7258398
1.98	0.1077138	41.7189456
2.00	0.1075505	41.6556974
2.02	0.1072333	41.5328417
2.04	0.1068429	41.3816348
2.06	0.1065103	41.2528145
2.08	0.1062108	41.1368143
2.10	0.1059632	41.0409156
2.12	0.1057719	40.9668226
2.14	0.1056519	40.9203451
2.16	0.1056350	40.9137995
2.18	0.1056970	40.9378129
2.20	0.1058674	41.0038110
2.22	0.1061800	41.1248850
2.24	0.1066837	41.3199746
2.26	0.1074607	41.6209167
2.28	0.1084980	42.0226764
2.30	0.1096920	42.4851280
2.32	0.1110790	43.0223310
2.34	0.1125439	43.5897057
2.36	0.1141307	44.2042938
2.38	0.1161490	44.9860075
2.40	0.1183555	45.8406134
2.42	0.1205495	46.6903779
2.44	0.1228129	47.5670220
2.46	0.1249144	48.3809601
2.48	0.1268982	49.1493114
2.50	0.1284886	49.7652939
2.52	0.1299548	50.3331721
2.54	0.1309694	50.7261398
2.56	0.1315049	50.9335458
2.58	0.1318159	51.0540001
2.60	0.1318098	51.0516375
2.62	0.1311826	50.8087149
2.64	0.1303296	50.4783370
2.66	0.1296318	50.2080700
2.68	0.1281956	49.6518112
2.70	0.1267213	49.0807958
2.72	0.1249687	48.4019912
2.74	0.1233193	47.7631572
2.76	0.1215309	47.0704868
2.78	0.1197970	46.3989250
2.80	0.1185076	45.8995237
2.82	0.1172559	45.4147241
2.84	0.1160039	44.9298084
2.86	0.1149194	44.5097675
2.88	0.1140530	44.1741996
2.90	0.1133157	43.8886338
2.92	0.1128964	43.7262335
2.94	0.1125074	43.5755688
2.96	0.1127709	43.6776257
2.98	0.1129471	43.7458703
3.00	0.1136644	44.0236898
3.02	0.1139328	44.1276446
3.04	0.1143337	44.2829183
3.06	0.1149036	44.5036480
3.08	0.1152272	44.6289824
3.10	0.1159751	44.9186538
3.12	0.1163957	45.0815576
3.14	0.1172611	45.4167382
3.16	0.1179018	45.6648895
3.18	0.1185675	45.9227237
3.20	0.1195814	46.3154203
3.22	0.1205410	46.6870858
3.24	0.1216987	47.1354779
3.26	0.1227641	47.5481211
3.28	0.1238310	47.9613453
3.30	0.1248289	48.3478448
3.32	0.1258275	48.7346155
3.34	0.1263787	48.9481024
3.36	0.1272085	49.2694946
3.38	0.1280477	49.5945276
3.40	0.1286781	49.8386897
3.42	0.1294547	50.1394769
3.44	0.1301786	50.4198527
3.46	0.1308268	50.6709089
3.48	0.1311482	50.7953913
3.50	0.1317879	51.0431554
3.52	0.1318084	51.0510953
3.54	0.1326342	51.3709383
3.56	0.1322850	51.2356886
3.58	0.1316434	50.9871887
3.60	0.1321409	51.1798768
3.62	0.1313930	50.8902055
3.64	0.1304711	50.5331417
3.66	0.1294824	50.1502055
3.68	0.1284410	49.7468578
3.70	0.1274380	49.3583829
3.72	0.1266304	49.0455890
3.74	0.1260599	48.8246270
3.76	0.1256968	48.6839937
3.78	0.1254869	48.6026967
3.80	0.1251558	48.4744574
3.82	0.1248999	48.3753440
3.84	0.1246666	48.2849839
3.86	0.1246648	48.2842868
3.88	0.1247492	48.3169760
3.90	0.1251536	48.4736053
3.92	0.1255883	48.6419702
3.94	0.1265911	49.0303676
3.96	0.1275841	49.4149694
3.98	0.1287093	49.8507738
4.00	0.1298294	50.2846030
4.02	0.1310439	50.7549946
4.04	0.1329464	51.4918574
4.06	0.1340112	51.9042682
4.08	0.1351782	52.3562623
4.10	0.1363062	52.7931513
4.12	0.1381130	53.4929483
4.14	0.1391133	53.8803774
4.16	0.1400476	54.2422438
4.18	0.1413782	54.7576024
4.20	0.1425247	55.2016567
4.22	0.1441144	55.8173680
4.24	0.1452898	56.2726156
4.26	0.1467180	56.8257759
4.28	0.1478906	57.2799390
4.30	0.1496190	57.9493707
4.32	0.1506892	58.3638729
4.34	0.1518548	58.8153249
4.36	0.1527333	59.1555793
4.38	0.1532183	59.3434260
4.40	0.1540400	59.6616810
4.42	0.1545346	59.8532460
4.44	0.1552065	60.1134815
4.46	0.1550838	60.0659583
4.48	0.1555107	60.2313021
4.50	0.1564246	60.5852674
4.52	0.1565201	60.6222558
4.54	0.1554944	60.2249889
4.56	0.1555821	60.2589563
4.58	0.1549517	60.0147942
4.60	0.1538484	59.5874719
4.62	0.1528152	59.1873002
4.64	0.1521808	58.9415889
4.66	0.1510850	58.5171714
4.68	0.1500535	58.1176581
4.70	0.1490125	57.7144654
4.72	0.1484869	57.5108937
4.74	0.1474643	57.1148275
4.76	0.1465428	56.7579187
4.78	0.1455784	56.3843941
4.80	0.1443926	55.9251184
4.82	0.1438460	55.7134132
4.84	0.1429704	55.3742820
4.86	0.1420906	55.0335241
4.88	0.1412249	54.6982273
4.90	0.1404012	54.3791977
4.92	0.1398459	54.1641228
4.94	0.1384556	53.6256417
4.96	0.1373236	53.1872035
4.98	0.1363546	52.8118973
5.00	0.1356130	52.5246660
5.02	0.1354941	52.4786145
5.04	0.1343805	52.0473028
5.06	0.1334247	51.6771092
5.08	0.1325615	51.3427806
5.10	0.1326366	51.3718678
5.12	0.1317269	51.0195293
5.14	0.1308757	50.6898485
5.16	0.1301181	50.3964203
5.18	0.1301302	50.4011068
5.20	0.1293048	50.0814187
5.22	0.1278972	49.5362370
5.24	0.1271189	49.2347914
5.26	0.1269415	49.1660821
5.28	0.1258850	48.7568860
5.30	0.1248931	48.3727103
5.32	0.1245838	48.2529144
5.34	0.1237396	47.9259449
5.36	0.1223042	47.3699959
5.38	0.1219196	47.2210354
5.40	0.1214566	47.0417095
5.42	0.1207937	46.7849598
5.44	0.1198346	46.4134879
5.46	0.1194922	46.2808720
5.48	0.1189326	46.0641317
5.50	0.1189108	46.0556883
5.52	0.1178327	45.6381262
5.54	0.1185680	45.9229174
5.56	0.1186630	45.9597121
5.58	0.1182686	45.8069559
5.60	0.1174307	45.4824264
5.62	0.1174869	45.5041934
5.64	0.1172555	45.4145692
5.66	0.1168536	45.2589081
5.68	0.1174934	45.5067109
5.70	0.1175035	45.5106228
5.72	0.1170042	45.3172375
5.74	0.1169727	45.3050371
5.76	0.1173428	45.4483816
5.78	0.1165909	45.1571610
5.80	0.1170420	45.3318779
5.82	0.1170599	45.3388108
5.84	0.1165466	45.1400031
5.86	0.1168741	45.2668481
5.88	0.1152393	44.6336689
5.90	0.1149480	44.5208447
5.92	0.1167681	45.2257929
5.94	0.1165718	45.1497634
5.96	0.1165962	45.1592138
5.98	0.1180885	45.7372009
6.00	0.1172634	45.4176290
6.02	0.1161446	44.9843033
6.04	0.1152891	44.6529571
6.06	0.1158602	44.8741515
6.08	0.1150526	44.5613576
6.10	0.1155540	44.7555563
6.12	0.1147819	44.4565120
6.14	0.1152821	44.6502459
6.16	0.1154056	44.6980791
6.18	0.1150631	44.5654244
6.20	0.1151898	44.6144969
6.22	0.1149383	44.5170877
6.24	0.1150187	44.5482277
6.26	0.1148656	44.4889301
6.28	0.1148622	44.4876132
6.30	0.1147505	44.4443504
6.32	0.1147190	44.4321500
6.34	0.1145928	44.3832711
6.36	0.1144803	44.3396984
6.38	0.1140305	44.1654851
6.40	0.1147128	44.4297487
6.42	0.1135452	43.9775221
6.44	0.1140414	44.1697068
6.46	0.1131492	43.8241462
6.48	0.1121635	43.4423719
6.50	0.1126665	43.6371903
6.52	0.1114433	43.1634291
6.54	0.1116111	43.2284202
6.56	0.1111383	43.0452987
6.58	0.1108656	42.9396784
6.60	0.1099917	42.6012057
6.62	0.1105338	42.8111680
6.64	0.1090785	42.2475115
6.66	0.1081450	41.8859549
6.68	0.1086741	42.0908822
6.70	0.1070660	41.4680443
6.72	0.1071834	41.5135148
6.74	0.1065700	41.2759371
6.76	0.1060061	41.0575313
6.78	0.1049769	40.6589089
6.80	0.1042694	40.3848850
6.82	0.1037956	40.2013761
6.84	0.1025871	39.7333085
6.86	0.1028131	39.8208412
6.88	0.1011659	39.1828594
6.90	0.0997887	38.6494520
6.92	0.0998430	38.6704831
6.94	0.0987101	38.2316963
6.96	0.0970527	37.5897639
6.98	0.0960379	37.1967188
7.00	0.0981815	38.0269627
7.02	0.0974372	37.7386857
7.04	0.0964101	37.3408766
7.06	0.0956524	37.0474096
7.08	0.0951376	36.8480209
7.10	0.0939841	36.4012555
7.12	0.0931369	36.0731240
7.14	0.0932207	36.1055808
7.16	0.0917538	35.5374315
7.18	0.0920520	35.6529282
7.20	0.0913654	35.3869992
7.22	0.0896942	34.7397218
7.24	0.0899487	34.8382930
7.26	0.0891920	34.5452133
7.28	0.0880638	34.1082469
7.30	0.0888543	34.4144177
7.32	0.0879961	34.0820258
7.34	0.0872986	33.8118750
7.36	0.0869086	33.6608230
7.38	0.0858920	33.2670807
7.40	0.0850599	32.9447976
7.42	0.0854636	33.1011558
7.44	0.0839762	32.5250666
7.46	0.0830717	32.1747421
7.48	0.0823645	31.9008344
7.50	0.0823564	31.8976971
7.52	0.0813046	31.4903214
7.54	0.0804010	31.1403455
7.56	0.0809663	31.3592935
7.58	0.0795431	30.8080697
7.60	0.0795065	30.7938941
7.62	0.0799711	30.9738397
7.64	0.0792579	30.6976081
7.66	0.0778818	30.1646268
7.68	0.0770318	29.8354108
7.70	0.0774967	30.0154726
7.72	0.0768413	29.7616277
7.74	0.0754781	29.2336427
7.76	0.0759559	29.4187008
7.78	0.0752003	29.1260472
7.80	0.0744545	28.8371892
7.82	0.0712213	27.5849291
7.84	0.0715819	27.7245942
7.86	0.0716327	27.7442697
7.88	0.0708049	27.4236520
7.90	0.0706867	27.3778716
7.92	0.0697440	27.0127518
7.94	0.0689162	26.6921341
7.96	0.0681556	26.3975439
7.98	0.0682325	26.4273283
8.00	0.0672608	26.0509763
8.02	0.0636715	24.6607941
8.04	0.0629220	24.3705031
8.06	0.0631968	24.4769367
8.08	0.0621816	24.0837366
8.10	0.0613896	23.7769848
8.12	0.0607525	23.5302277
8.14	0.0612566	23.7254722
8.16	0.0601884	23.3117445
8.18	0.0592581	22.9514273
8.20	0.0585384	22.6726782
8.22	0.0590453	22.8690071
8.24	0.0582873	22.5754239
8.26	0.0571637	22.1402391
8.28	0.0564430	21.8611027
8.30	0.0570064	22.0793148
8.32	0.0563576	21.8280262
8.34	0.0556570	21.5566748
8.36	0.0545744	21.1373698
8.38	0.0551583	21.3635218
8.40	0.0545389	21.1236202
8.42	0.0539352	20.8897994
8.44	0.0532864	20.6385108
8.46	0.0535243	20.7306525
8.48	0.0528987	20.4883496
8.50	0.0523231	20.2654123
8.52	0.0463350	17.9461438
8.54	0.0457886	17.7345160
8.56	0.0460188	17.8236755
8.58	0.0452820	17.5383033
8.60	0.0448040	17.3531677
8.62	0.0443399	17.1734158
8.64	0.0450336	17.4420948
8.66	0.0443852	17.1909611
8.68	0.0434401	16.8249116
8.70	0.0430205	16.6623952
8.72	0.0426237	16.5087094
8.74	0.0434125	16.8142218
8.76	0.0430413	16.6704513
8.78	0.0422889	16.3790370
8.80	0.0415834	16.1057878
8.82	0.0412479	15.9758443
8.84	0.0421214	16.3141621
8.86	0.0418312	16.2017639
8.88	0.0415152	16.0793730
8.90	0.0407182	15.7706846
8.92	0.0413791	16.0266597
8.94	0.0411157	15.9246415
8.96	0.0408678	15.8286266
8.98	0.0406470	15.7431080
9.00	0.0403890	15.6431812
9.02	0.0395673	15.3249262
9.04	0.0402787	15.6004606
9.06	0.0400259	15.5025479
9.08	0.0398240	15.4243494
9.10	0.0396235	15.3466932
9.12	0.0394363	15.2741882
9.14	0.0399131	15.4588590
9.16	0.0392651	15.2078802
9.18	0.0390998	15.1438574
9.20	0.0389562	15.0882393
9.22	0.0388460	15.0455574
9.24	0.0401494	15.5503810
9.26	0.0395914	15.3342604
9.28	0.0386872	14.9840521
9.30	0.0385900	14.9464053
9.32	0.0384714	14.9004700
9.34	0.0384418	14.8890055
9.36	0.0398585	15.4377117
9.38	0.0396182	15.3446404
9.40	0.0388204	15.0356422
9.42	0.0383405	14.8497707
9.44	0.0382513	14.8152224
9.46	0.0397728	15.4045190
9.48	0.0397873	15.4101350
9.50	0.0398112	15.4193918
9.52	0.0393161	15.2276332
9.54	0.0383582	14.8566262
9.56	0.0383207	14.8421019
9.58	0.0399461	15.4716403
9.60	0.0399686	15.4803549
9.62	0.0400363	15.5065760
9.64	0.0400816	15.5241212
9.66	0.0393205	15.2293374
9.68	0.0354231	13.7198240
9.70	0.0369936	14.3280990
9.72	0.0370944	14.3671401
9.74	0.0371521	14.3894881
9.76	0.0372752	14.4371663
9.78	0.0372900	14.4428985
9.80	0.0364718	14.1259991
9.82	0.0373636	14.4714047
9.84	0.0361092	13.9855594
9.86	0.0361962	14.0192556
9.88	0.0362822	14.0525646
9.90	0.0364552	14.1195697
9.92	0.0365015	14.1375023
9.94	0.0357065	13.8295885
9.96	0.0338891	13.1256860
9.98	0.0339392	13.1450904
10.00	0.0339931	13.1659666
10.02	0.0341395	13.2226692
10.04	0.0344063	13.3260043
10.06	0.0345492	13.3813513
10.08	0.0358908	13.9009703
10.10	0.0344380	13.3382821
10.12	0.0345411	13.3782140
10.14	0.0345364	13.3763937
10.16	0.0346985	13.4391771
10.18	0.0349460	13.5350370
10.20	0.0351280	13.6055280
10.22	0.0371237	14.3784884
10.24	0.0358249	13.8754464
10.26	0.0349625	13.5414277
10.28	0.0350972	13.5935988
10.30	0.0351418	13.6108729
10.32	0.0353381	13.6869024
10.34	0.0356337	13.8013921
10.36	0.0381434	14.7734313
10.38	0.0316467	12.2571755
10.40	0.0300309	11.6313553
10.42	0.0295390	11.4408361
10.44	0.0297585	11.5258513
10.46	0.0298438	11.5588891
10.48	0.0300640	11.6441754
10.50	0.0293724	11.3763098
10.52	0.0295992	11.4641524
10.54	0.0288885	11.1888891
10.56	0.0271503	10.5156618
10.58	0.0268430	10.3966405
10.60	0.0269597	10.4418399
10.62	0.0271788	10.5267002
10.64	0.0273875	10.6075324
10.66	0.0298659	11.5674487
10.68	0.0302295	11.7082757
10.70	0.0305140	11.8184662
10.72	0.0299578	11.6030428
10.74	0.0280780	10.8749720
10.76	0.0273900	10.6085007
10.78	0.0276408	10.7056388
10.80	0.0279074	10.8088964
10.82	0.0305743	11.8418212
10.84	0.0308945	11.9658388
10.86	0.0313157	12.1289750
10.88	0.0316633	12.2636049
10.90	0.0318654	12.3418809
10.92	0.0302085	11.7001421
10.94	0.0281569	10.9055309
10.96	0.0283762	10.9904687
10.98	0.0313489	12.1418338
11.00	0.0316457	12.2567882
11.02	0.0319496	12.3744926
11.04	0.0321687	12.4593529
11.06	0.0325406	12.6033946
11.08	0.0329175	12.7493728
11.10	0.0325206	12.5956483
11.12	0.0301063	11.6605587
11.14	0.0318738	12.3451343
11.16	0.0320034	12.3953301
11.18	0.0322095	12.4751553
11.20	0.0326331	12.6392210
11.22	0.0328259	12.7138949
11.24	0.0330667	12.8071599
11.26	0.0335358	12.9888484
11.28	0.0339256	13.1398229
11.30	0.0379488	14.6980603
11.32	0.0350792	13.5866271
11.34	0.0329525	12.7629287
11.36	0.0331695	12.8469757
11.38	0.0334102	12.9402019
11.40	0.0339113	13.1342844
11.42	0.0342001	13.2461403
11.44	0.0345246	13.3718234
11.46	0.0349107	13.5213649
11.48	0.0408378	15.8170073
11.50	0.0411558	15.9401728
11.52	0.0387035	14.9903653
11.54	0.0347927	13.4756620
11.56	0.0350296	13.5674164
11.58	0.0351548	13.6159080
11.60	0.0355325	13.7621961
11.62	0.0357810	13.8584433
11.64	0.0362037	14.0221605
11.66	0.0433576	16.7929583
11.68	0.0436704	16.9141098
11.70	0.0442937	17.1555220
11.72	0.0445601	17.2587021
11.74	0.0411953	15.9554716
11.76	0.0372678	14.4343002
11.78	0.0374442	14.5026222
11.80	0.0377574	14.6239286
11.82	0.0378644	14.6653710
11.84	0.0381998	14.7952758
11.86	0.0477021	18.4756393
11.88	0.0480072	18.5938085
11.90	0.0484531	18.7665113
11.92	0.0492097	19.0595522
11.94	0.0499191	19.3343120
11.96	0.0471468	18.2605644
11.98	0.0413488	16.0149242
12.00	0.0000000	0.0000000
